(kicad_pcb (version 20171130) (host pcbnew 5.0.1)

  (general
    (thickness 1.6)
    (drawings 8)
    (tracks 323)
    (zones 0)
    (modules 36)
    (nets 46)
  )

  (page A4)
  (layers
    (0 F.Cu signal)
    (31 B.Cu signal)
    (32 B.Adhes user)
    (33 F.Adhes user)
    (34 B.Paste user)
    (35 F.Paste user)
    (36 B.SilkS user)
    (37 F.SilkS user)
    (38 B.Mask user)
    (39 F.Mask user)
    (40 Dwgs.User user)
    (41 Cmts.User user)
    (42 Eco1.User user)
    (43 Eco2.User user)
    (44 Edge.Cuts user)
    (45 Margin user)
    (46 B.CrtYd user)
    (47 F.CrtYd user)
    (48 B.Fab user)
    (49 F.Fab user)
  )

  (setup
    (last_trace_width 0.25)
    (trace_clearance 0.2)
    (zone_clearance 0.508)
    (zone_45_only no)
    (trace_min 0.2)
    (segment_width 0.2)
    (edge_width 0.15)
    (via_size 0.8)
    (via_drill 0.4)
    (via_min_size 0.4)
    (via_min_drill 0.3)
    (uvia_size 0.3)
    (uvia_drill 0.1)
    (uvias_allowed no)
    (uvia_min_size 0.2)
    (uvia_min_drill 0.1)
    (pcb_text_width 0.3)
    (pcb_text_size 1.5 1.5)
    (mod_edge_width 0.15)
    (mod_text_size 1 1)
    (mod_text_width 0.15)
    (pad_size 1.524 1.524)
    (pad_drill 0.762)
    (pad_to_mask_clearance 0.051)
    (solder_mask_min_width 0.25)
    (aux_axis_origin 0 0)
    (visible_elements FFFFFF7F)
    (pcbplotparams
      (layerselection 0x010fc_ffffffff)
      (usegerberextensions false)
      (usegerberattributes false)
      (usegerberadvancedattributes false)
      (creategerberjobfile false)
      (excludeedgelayer true)
      (linewidth 0.100000)
      (plotframeref false)
      (viasonmask false)
      (mode 1)
      (useauxorigin false)
      (hpglpennumber 1)
      (hpglpenspeed 20)
      (hpglpendiameter 15.000000)
      (psnegative false)
      (psa4output false)
      (plotreference true)
      (plotvalue true)
      (plotinvisibletext false)
      (padsonsilk false)
      (subtractmaskfromsilk false)
      (outputformat 1)
      (mirror false)
      (drillshape 1)
      (scaleselection 1)
      (outputdirectory ""))
  )

  (net 0 "")
  (net 1 /tx)
  (net 2 +3V3)
  (net 3 /rx)
  (net 4 /aref)
  (net 5 /reset)
  (net 6 GND)
  (net 7 /sw1)
  (net 8 /led1)
  (net 9 /sw2)
  (net 10 /buzzer)
  (net 11 /sw3)
  (net 12 /led2)
  (net 13 /sw4)
  (net 14 /led3)
  (net 15 /sw5)
  (net 16 /led4)
  (net 17 /sw6)
  (net 18 /led5)
  (net 19 /pot)
  (net 20 /led6)
  (net 21 +5V)
  (net 22 /led7)
  (net 23 /led8)
  (net 24 /blue)
  (net 25 /vin)
  (net 26 /green)
  (net 27 /red)
  (net 28 "Net-(BZ1-Pad1)")
  (net 29 "Net-(D1-Pad1)")
  (net 30 "Net-(D1-Pad3)")
  (net 31 "Net-(D1-Pad2)")
  (net 32 "Net-(D1-Pad4)")
  (net 33 "Net-(D2-Pad4)")
  (net 34 "Net-(D3-Pad4)")
  (net 35 "Net-(D4-Pad4)")
  (net 36 "Net-(D5-Pad4)")
  (net 37 "Net-(D6-Pad4)")
  (net 38 "Net-(D7-Pad4)")
  (net 39 "Net-(D8-Pad4)")
  (net 40 "Net-(Q1-Pad2)")
  (net 41 "Net-(Q2-Pad2)")
  (net 42 "Net-(Q3-Pad2)")
  (net 43 "Net-(RV1-Pad2)")
  (net 44 /led9)
  (net 45 "Net-(D9-Pad4)")

  (net_class Default "This is the default net class."
    (clearance 0.2)
    (trace_width 0.25)
    (via_dia 0.8)
    (via_drill 0.4)
    (uvia_dia 0.3)
    (uvia_drill 0.1)
    (add_net +3V3)
    (add_net +5V)
    (add_net /aref)
    (add_net /blue)
    (add_net /buzzer)
    (add_net /green)
    (add_net /led1)
    (add_net /led2)
    (add_net /led3)
    (add_net /led4)
    (add_net /led5)
    (add_net /led6)
    (add_net /led7)
    (add_net /led8)
    (add_net /led9)
    (add_net /pot)
    (add_net /red)
    (add_net /reset)
    (add_net /rx)
    (add_net /sw1)
    (add_net /sw2)
    (add_net /sw3)
    (add_net /sw4)
    (add_net /sw5)
    (add_net /sw6)
    (add_net /tx)
    (add_net /vin)
    (add_net GND)
    (add_net "Net-(BZ1-Pad1)")
    (add_net "Net-(D1-Pad1)")
    (add_net "Net-(D1-Pad2)")
    (add_net "Net-(D1-Pad3)")
    (add_net "Net-(D1-Pad4)")
    (add_net "Net-(D2-Pad4)")
    (add_net "Net-(D3-Pad4)")
    (add_net "Net-(D4-Pad4)")
    (add_net "Net-(D5-Pad4)")
    (add_net "Net-(D6-Pad4)")
    (add_net "Net-(D7-Pad4)")
    (add_net "Net-(D8-Pad4)")
    (add_net "Net-(D9-Pad4)")
    (add_net "Net-(Q1-Pad2)")
    (add_net "Net-(Q2-Pad2)")
    (add_net "Net-(Q3-Pad2)")
    (add_net "Net-(RV1-Pad2)")
  )

  (module Buzzer_Beeper:Buzzer_12x9.5RM7.6 (layer F.Cu) (tedit 5A030281) (tstamp 5C912004)
    (at 46.355 12.065 180)
    (descr "Generic Buzzer, D12mm height 9.5mm with RM7.6mm")
    (tags buzzer)
    (path /5C6E22B4)
    (fp_text reference BZ1 (at 3.8 -7.2 180) (layer F.SilkS)
      (effects (font (size 1 1) (thickness 0.15)))
    )
    (fp_text value Buzzer (at 3.8 7.4 180) (layer F.Fab)
      (effects (font (size 1 1) (thickness 0.15)))
    )
    (fp_text user + (at -0.01 -2.54 180) (layer F.Fab)
      (effects (font (size 1 1) (thickness 0.15)))
    )
    (fp_text user + (at -0.01 -2.54 180) (layer F.SilkS)
      (effects (font (size 1 1) (thickness 0.15)))
    )
    (fp_text user %R (at 3.8 -4 180) (layer F.Fab)
      (effects (font (size 1 1) (thickness 0.15)))
    )
    (fp_circle (center 3.8 0) (end 10.05 0) (layer F.CrtYd) (width 0.05))
    (fp_circle (center 3.8 0) (end 9.8 0) (layer F.Fab) (width 0.1))
    (fp_circle (center 3.8 0) (end 4.8 0) (layer F.Fab) (width 0.1))
    (fp_circle (center 3.8 0) (end 9.9 0) (layer F.SilkS) (width 0.12))
    (pad 1 thru_hole rect (at 0 0 180) (size 2 2) (drill 1) (layers *.Cu *.Mask)
      (net 28 "Net-(BZ1-Pad1)"))
    (pad 2 thru_hole circle (at 7.6 0 180) (size 2 2) (drill 1) (layers *.Cu *.Mask)
      (net 6 GND))
    (model ${KISYS3DMOD}/Buzzer_Beeper.3dshapes/Buzzer_12x9.5RM7.6.wrl
      (at (xyz 0 0 0))
      (scale (xyz 1 1 1))
      (rotate (xyz 0 0 0))
    )
  )

  (module lib:LED_D5.0mm-4_RGB (layer F.Cu) (tedit 5C6D4CC8) (tstamp 5C91201A)
    (at 73.025 58.42)
    (descr "LED, diameter 5.0mm, 2 pins, diameter 5.0mm, 3 pins, diameter 5.0mm, 4 pins, http://www.kingbright.com/attachments/file/psearch/000/00/00/L-154A4SUREQBFZGEW(Ver.9A).pdf")
    (tags "LED diameter 5.0mm 2 pins diameter 5.0mm 3 pins diameter 5.0mm 4 pins RGB RGBLED")
    (path /5C7399B5)
    (fp_text reference D1 (at 1.905 -3.96) (layer F.SilkS)
      (effects (font (size 1 1) (thickness 0.15)))
    )
    (fp_text value LED_BGRA (at 1.905 3.96) (layer F.Fab)
      (effects (font (size 1 1) (thickness 0.15)))
    )
    (fp_text user %R (at 1.905 -3.96) (layer F.Fab)
      (effects (font (size 1 1) (thickness 0.15)))
    )
    (fp_line (start 5.15 -3.25) (end -1.35 -3.25) (layer F.CrtYd) (width 0.05))
    (fp_line (start 5.15 3.25) (end 5.15 -3.25) (layer F.CrtYd) (width 0.05))
    (fp_line (start -1.35 3.25) (end 5.15 3.25) (layer F.CrtYd) (width 0.05))
    (fp_line (start -1.35 -3.25) (end -1.35 3.25) (layer F.CrtYd) (width 0.05))
    (fp_line (start -0.655 1.08) (end -0.655 1.545) (layer F.SilkS) (width 0.12))
    (fp_line (start -0.655 -1.545) (end -0.655 -1.08) (layer F.SilkS) (width 0.12))
    (fp_line (start -0.595 -1.469694) (end -0.595 1.469694) (layer F.Fab) (width 0.1))
    (fp_circle (center 1.905 0) (end 4.405 0) (layer F.Fab) (width 0.1))
    (fp_arc (start 1.905 0) (end -0.349684 1.08) (angle -128.8) (layer F.SilkS) (width 0.12))
    (fp_arc (start 1.905 0) (end -0.349684 -1.08) (angle 128.8) (layer F.SilkS) (width 0.12))
    (fp_arc (start 1.905 0) (end -0.655 1.54483) (angle -127.7) (layer F.SilkS) (width 0.12))
    (fp_arc (start 1.905 0) (end -0.655 -1.54483) (angle 127.7) (layer F.SilkS) (width 0.12))
    (fp_arc (start 1.905 0) (end -0.595 -1.469694) (angle 299.1) (layer F.Fab) (width 0.1))
    (pad 1 thru_hole oval (at 1.27 0) (size 1.07 1.8) (drill 0.9) (layers *.Cu *.Mask)
      (net 29 "Net-(D1-Pad1)"))
    (pad 3 thru_hole oval (at 3.81 0) (size 1.07 1.8) (drill 0.9) (layers *.Cu *.Mask)
      (net 30 "Net-(D1-Pad3)"))
    (pad 2 thru_hole oval (at 0 0) (size 1.07 1.8) (drill 0.9) (layers *.Cu *.Mask)
      (net 31 "Net-(D1-Pad2)"))
    (pad 4 thru_hole rect (at 2.54 0) (size 1.07 1.8) (drill 0.9) (layers *.Cu *.Mask)
      (net 32 "Net-(D1-Pad4)"))
    (model ${KISYS3DMOD}/LED_THT.3dshapes/LED_D5.0mm-4_RGB.wrl
      (at (xyz 0 0 0))
      (scale (xyz 1 1 1))
      (rotate (xyz 0 0 0))
    )
  )

  (module lib:LED_D5.0mm-4_RGB (layer F.Cu) (tedit 5C6D4CC8) (tstamp 5C912030)
    (at 83.185 58.42)
    (descr "LED, diameter 5.0mm, 2 pins, diameter 5.0mm, 3 pins, diameter 5.0mm, 4 pins, http://www.kingbright.com/attachments/file/psearch/000/00/00/L-154A4SUREQBFZGEW(Ver.9A).pdf")
    (tags "LED diameter 5.0mm 2 pins diameter 5.0mm 3 pins diameter 5.0mm 4 pins RGB RGBLED")
    (path /5C739DF2)
    (fp_text reference D2 (at 1.905 -3.96) (layer F.SilkS)
      (effects (font (size 1 1) (thickness 0.15)))
    )
    (fp_text value LED_BGRA (at 1.905 3.96) (layer F.Fab)
      (effects (font (size 1 1) (thickness 0.15)))
    )
    (fp_text user %R (at 1.905 -3.96) (layer F.Fab)
      (effects (font (size 1 1) (thickness 0.15)))
    )
    (fp_line (start 5.15 -3.25) (end -1.35 -3.25) (layer F.CrtYd) (width 0.05))
    (fp_line (start 5.15 3.25) (end 5.15 -3.25) (layer F.CrtYd) (width 0.05))
    (fp_line (start -1.35 3.25) (end 5.15 3.25) (layer F.CrtYd) (width 0.05))
    (fp_line (start -1.35 -3.25) (end -1.35 3.25) (layer F.CrtYd) (width 0.05))
    (fp_line (start -0.655 1.08) (end -0.655 1.545) (layer F.SilkS) (width 0.12))
    (fp_line (start -0.655 -1.545) (end -0.655 -1.08) (layer F.SilkS) (width 0.12))
    (fp_line (start -0.595 -1.469694) (end -0.595 1.469694) (layer F.Fab) (width 0.1))
    (fp_circle (center 1.905 0) (end 4.405 0) (layer F.Fab) (width 0.1))
    (fp_arc (start 1.905 0) (end -0.349684 1.08) (angle -128.8) (layer F.SilkS) (width 0.12))
    (fp_arc (start 1.905 0) (end -0.349684 -1.08) (angle 128.8) (layer F.SilkS) (width 0.12))
    (fp_arc (start 1.905 0) (end -0.655 1.54483) (angle -127.7) (layer F.SilkS) (width 0.12))
    (fp_arc (start 1.905 0) (end -0.655 -1.54483) (angle 127.7) (layer F.SilkS) (width 0.12))
    (fp_arc (start 1.905 0) (end -0.595 -1.469694) (angle 299.1) (layer F.Fab) (width 0.1))
    (pad 1 thru_hole oval (at 1.27 0) (size 1.07 1.8) (drill 0.9) (layers *.Cu *.Mask)
      (net 29 "Net-(D1-Pad1)"))
    (pad 3 thru_hole oval (at 3.81 0) (size 1.07 1.8) (drill 0.9) (layers *.Cu *.Mask)
      (net 30 "Net-(D1-Pad3)"))
    (pad 2 thru_hole oval (at 0 0) (size 1.07 1.8) (drill 0.9) (layers *.Cu *.Mask)
      (net 31 "Net-(D1-Pad2)"))
    (pad 4 thru_hole rect (at 2.54 0) (size 1.07 1.8) (drill 0.9) (layers *.Cu *.Mask)
      (net 33 "Net-(D2-Pad4)"))
    (model ${KISYS3DMOD}/LED_THT.3dshapes/LED_D5.0mm-4_RGB.wrl
      (at (xyz 0 0 0))
      (scale (xyz 1 1 1))
      (rotate (xyz 0 0 0))
    )
  )

  (module lib:LED_D5.0mm-4_RGB (layer F.Cu) (tedit 5C6D4CC8) (tstamp 5C912046)
    (at 93.345 58.42)
    (descr "LED, diameter 5.0mm, 2 pins, diameter 5.0mm, 3 pins, diameter 5.0mm, 4 pins, http://www.kingbright.com/attachments/file/psearch/000/00/00/L-154A4SUREQBFZGEW(Ver.9A).pdf")
    (tags "LED diameter 5.0mm 2 pins diameter 5.0mm 3 pins diameter 5.0mm 4 pins RGB RGBLED")
    (path /5C739C32)
    (fp_text reference D3 (at 1.905 -3.96) (layer F.SilkS)
      (effects (font (size 1 1) (thickness 0.15)))
    )
    (fp_text value LED_BGRA (at 1.905 3.96) (layer F.Fab)
      (effects (font (size 1 1) (thickness 0.15)))
    )
    (fp_arc (start 1.905 0) (end -0.595 -1.469694) (angle 299.1) (layer F.Fab) (width 0.1))
    (fp_arc (start 1.905 0) (end -0.655 -1.54483) (angle 127.7) (layer F.SilkS) (width 0.12))
    (fp_arc (start 1.905 0) (end -0.655 1.54483) (angle -127.7) (layer F.SilkS) (width 0.12))
    (fp_arc (start 1.905 0) (end -0.349684 -1.08) (angle 128.8) (layer F.SilkS) (width 0.12))
    (fp_arc (start 1.905 0) (end -0.349684 1.08) (angle -128.8) (layer F.SilkS) (width 0.12))
    (fp_circle (center 1.905 0) (end 4.405 0) (layer F.Fab) (width 0.1))
    (fp_line (start -0.595 -1.469694) (end -0.595 1.469694) (layer F.Fab) (width 0.1))
    (fp_line (start -0.655 -1.545) (end -0.655 -1.08) (layer F.SilkS) (width 0.12))
    (fp_line (start -0.655 1.08) (end -0.655 1.545) (layer F.SilkS) (width 0.12))
    (fp_line (start -1.35 -3.25) (end -1.35 3.25) (layer F.CrtYd) (width 0.05))
    (fp_line (start -1.35 3.25) (end 5.15 3.25) (layer F.CrtYd) (width 0.05))
    (fp_line (start 5.15 3.25) (end 5.15 -3.25) (layer F.CrtYd) (width 0.05))
    (fp_line (start 5.15 -3.25) (end -1.35 -3.25) (layer F.CrtYd) (width 0.05))
    (fp_text user %R (at 1.905 -3.96) (layer F.Fab)
      (effects (font (size 1 1) (thickness 0.15)))
    )
    (pad 4 thru_hole rect (at 2.54 0) (size 1.07 1.8) (drill 0.9) (layers *.Cu *.Mask)
      (net 34 "Net-(D3-Pad4)"))
    (pad 2 thru_hole oval (at 0 0) (size 1.07 1.8) (drill 0.9) (layers *.Cu *.Mask)
      (net 31 "Net-(D1-Pad2)"))
    (pad 3 thru_hole oval (at 3.81 0) (size 1.07 1.8) (drill 0.9) (layers *.Cu *.Mask)
      (net 30 "Net-(D1-Pad3)"))
    (pad 1 thru_hole oval (at 1.27 0) (size 1.07 1.8) (drill 0.9) (layers *.Cu *.Mask)
      (net 29 "Net-(D1-Pad1)"))
    (model ${KISYS3DMOD}/LED_THT.3dshapes/LED_D5.0mm-4_RGB.wrl
      (at (xyz 0 0 0))
      (scale (xyz 1 1 1))
      (rotate (xyz 0 0 0))
    )
  )

  (module lib:LED_D5.0mm-4_RGB (layer F.Cu) (tedit 5C6D4CC8) (tstamp 5C91205C)
    (at 73.025 48.26)
    (descr "LED, diameter 5.0mm, 2 pins, diameter 5.0mm, 3 pins, diameter 5.0mm, 4 pins, http://www.kingbright.com/attachments/file/psearch/000/00/00/L-154A4SUREQBFZGEW(Ver.9A).pdf")
    (tags "LED diameter 5.0mm 2 pins diameter 5.0mm 3 pins diameter 5.0mm 4 pins RGB RGBLED")
    (path /5C739ED0)
    (fp_text reference D4 (at 1.905 -3.96) (layer F.SilkS)
      (effects (font (size 1 1) (thickness 0.15)))
    )
    (fp_text value LED_BGRA (at 1.905 3.96) (layer F.Fab)
      (effects (font (size 1 1) (thickness 0.15)))
    )
    (fp_arc (start 1.905 0) (end -0.595 -1.469694) (angle 299.1) (layer F.Fab) (width 0.1))
    (fp_arc (start 1.905 0) (end -0.655 -1.54483) (angle 127.7) (layer F.SilkS) (width 0.12))
    (fp_arc (start 1.905 0) (end -0.655 1.54483) (angle -127.7) (layer F.SilkS) (width 0.12))
    (fp_arc (start 1.905 0) (end -0.349684 -1.08) (angle 128.8) (layer F.SilkS) (width 0.12))
    (fp_arc (start 1.905 0) (end -0.349684 1.08) (angle -128.8) (layer F.SilkS) (width 0.12))
    (fp_circle (center 1.905 0) (end 4.405 0) (layer F.Fab) (width 0.1))
    (fp_line (start -0.595 -1.469694) (end -0.595 1.469694) (layer F.Fab) (width 0.1))
    (fp_line (start -0.655 -1.545) (end -0.655 -1.08) (layer F.SilkS) (width 0.12))
    (fp_line (start -0.655 1.08) (end -0.655 1.545) (layer F.SilkS) (width 0.12))
    (fp_line (start -1.35 -3.25) (end -1.35 3.25) (layer F.CrtYd) (width 0.05))
    (fp_line (start -1.35 3.25) (end 5.15 3.25) (layer F.CrtYd) (width 0.05))
    (fp_line (start 5.15 3.25) (end 5.15 -3.25) (layer F.CrtYd) (width 0.05))
    (fp_line (start 5.15 -3.25) (end -1.35 -3.25) (layer F.CrtYd) (width 0.05))
    (fp_text user %R (at 1.905 -3.96) (layer F.Fab)
      (effects (font (size 1 1) (thickness 0.15)))
    )
    (pad 4 thru_hole rect (at 2.54 0) (size 1.07 1.8) (drill 0.9) (layers *.Cu *.Mask)
      (net 35 "Net-(D4-Pad4)"))
    (pad 2 thru_hole oval (at 0 0) (size 1.07 1.8) (drill 0.9) (layers *.Cu *.Mask)
      (net 31 "Net-(D1-Pad2)"))
    (pad 3 thru_hole oval (at 3.81 0) (size 1.07 1.8) (drill 0.9) (layers *.Cu *.Mask)
      (net 30 "Net-(D1-Pad3)"))
    (pad 1 thru_hole oval (at 1.27 0) (size 1.07 1.8) (drill 0.9) (layers *.Cu *.Mask)
      (net 29 "Net-(D1-Pad1)"))
    (model ${KISYS3DMOD}/LED_THT.3dshapes/LED_D5.0mm-4_RGB.wrl
      (at (xyz 0 0 0))
      (scale (xyz 1 1 1))
      (rotate (xyz 0 0 0))
    )
  )

  (module lib:LED_D5.0mm-4_RGB (layer F.Cu) (tedit 5C6D4CC8) (tstamp 5C912072)
    (at 83.185 48.26)
    (descr "LED, diameter 5.0mm, 2 pins, diameter 5.0mm, 3 pins, diameter 5.0mm, 4 pins, http://www.kingbright.com/attachments/file/psearch/000/00/00/L-154A4SUREQBFZGEW(Ver.9A).pdf")
    (tags "LED diameter 5.0mm 2 pins diameter 5.0mm 3 pins diameter 5.0mm 4 pins RGB RGBLED")
    (path /5C739C9E)
    (fp_text reference D5 (at 1.905 -3.96) (layer F.SilkS)
      (effects (font (size 1 1) (thickness 0.15)))
    )
    (fp_text value LED_BGRA (at 1.905 3.96) (layer F.Fab)
      (effects (font (size 1 1) (thickness 0.15)))
    )
    (fp_text user %R (at 1.905 -3.96) (layer F.Fab)
      (effects (font (size 1 1) (thickness 0.15)))
    )
    (fp_line (start 5.15 -3.25) (end -1.35 -3.25) (layer F.CrtYd) (width 0.05))
    (fp_line (start 5.15 3.25) (end 5.15 -3.25) (layer F.CrtYd) (width 0.05))
    (fp_line (start -1.35 3.25) (end 5.15 3.25) (layer F.CrtYd) (width 0.05))
    (fp_line (start -1.35 -3.25) (end -1.35 3.25) (layer F.CrtYd) (width 0.05))
    (fp_line (start -0.655 1.08) (end -0.655 1.545) (layer F.SilkS) (width 0.12))
    (fp_line (start -0.655 -1.545) (end -0.655 -1.08) (layer F.SilkS) (width 0.12))
    (fp_line (start -0.595 -1.469694) (end -0.595 1.469694) (layer F.Fab) (width 0.1))
    (fp_circle (center 1.905 0) (end 4.405 0) (layer F.Fab) (width 0.1))
    (fp_arc (start 1.905 0) (end -0.349684 1.08) (angle -128.8) (layer F.SilkS) (width 0.12))
    (fp_arc (start 1.905 0) (end -0.349684 -1.08) (angle 128.8) (layer F.SilkS) (width 0.12))
    (fp_arc (start 1.905 0) (end -0.655 1.54483) (angle -127.7) (layer F.SilkS) (width 0.12))
    (fp_arc (start 1.905 0) (end -0.655 -1.54483) (angle 127.7) (layer F.SilkS) (width 0.12))
    (fp_arc (start 1.905 0) (end -0.595 -1.469694) (angle 299.1) (layer F.Fab) (width 0.1))
    (pad 1 thru_hole oval (at 1.27 0) (size 1.07 1.8) (drill 0.9) (layers *.Cu *.Mask)
      (net 29 "Net-(D1-Pad1)"))
    (pad 3 thru_hole oval (at 3.81 0) (size 1.07 1.8) (drill 0.9) (layers *.Cu *.Mask)
      (net 30 "Net-(D1-Pad3)"))
    (pad 2 thru_hole oval (at 0 0) (size 1.07 1.8) (drill 0.9) (layers *.Cu *.Mask)
      (net 31 "Net-(D1-Pad2)"))
    (pad 4 thru_hole rect (at 2.54 0) (size 1.07 1.8) (drill 0.9) (layers *.Cu *.Mask)
      (net 36 "Net-(D5-Pad4)"))
    (model ${KISYS3DMOD}/LED_THT.3dshapes/LED_D5.0mm-4_RGB.wrl
      (at (xyz 0 0 0))
      (scale (xyz 1 1 1))
      (rotate (xyz 0 0 0))
    )
  )

  (module lib:LED_D5.0mm-4_RGB (layer F.Cu) (tedit 5C6D4CC8) (tstamp 5C912088)
    (at 93.345 48.26)
    (descr "LED, diameter 5.0mm, 2 pins, diameter 5.0mm, 3 pins, diameter 5.0mm, 4 pins, http://www.kingbright.com/attachments/file/psearch/000/00/00/L-154A4SUREQBFZGEW(Ver.9A).pdf")
    (tags "LED diameter 5.0mm 2 pins diameter 5.0mm 3 pins diameter 5.0mm 4 pins RGB RGBLED")
    (path /5C739F4A)
    (fp_text reference D6 (at 1.905 -3.96) (layer F.SilkS)
      (effects (font (size 1 1) (thickness 0.15)))
    )
    (fp_text value LED_BGRA (at 1.905 3.96) (layer F.Fab)
      (effects (font (size 1 1) (thickness 0.15)))
    )
    (fp_text user %R (at 1.905 -3.96) (layer F.Fab)
      (effects (font (size 1 1) (thickness 0.15)))
    )
    (fp_line (start 5.15 -3.25) (end -1.35 -3.25) (layer F.CrtYd) (width 0.05))
    (fp_line (start 5.15 3.25) (end 5.15 -3.25) (layer F.CrtYd) (width 0.05))
    (fp_line (start -1.35 3.25) (end 5.15 3.25) (layer F.CrtYd) (width 0.05))
    (fp_line (start -1.35 -3.25) (end -1.35 3.25) (layer F.CrtYd) (width 0.05))
    (fp_line (start -0.655 1.08) (end -0.655 1.545) (layer F.SilkS) (width 0.12))
    (fp_line (start -0.655 -1.545) (end -0.655 -1.08) (layer F.SilkS) (width 0.12))
    (fp_line (start -0.595 -1.469694) (end -0.595 1.469694) (layer F.Fab) (width 0.1))
    (fp_circle (center 1.905 0) (end 4.405 0) (layer F.Fab) (width 0.1))
    (fp_arc (start 1.905 0) (end -0.349684 1.08) (angle -128.8) (layer F.SilkS) (width 0.12))
    (fp_arc (start 1.905 0) (end -0.349684 -1.08) (angle 128.8) (layer F.SilkS) (width 0.12))
    (fp_arc (start 1.905 0) (end -0.655 1.54483) (angle -127.7) (layer F.SilkS) (width 0.12))
    (fp_arc (start 1.905 0) (end -0.655 -1.54483) (angle 127.7) (layer F.SilkS) (width 0.12))
    (fp_arc (start 1.905 0) (end -0.595 -1.469694) (angle 299.1) (layer F.Fab) (width 0.1))
    (pad 1 thru_hole oval (at 1.27 0) (size 1.07 1.8) (drill 0.9) (layers *.Cu *.Mask)
      (net 29 "Net-(D1-Pad1)"))
    (pad 3 thru_hole oval (at 3.81 0) (size 1.07 1.8) (drill 0.9) (layers *.Cu *.Mask)
      (net 30 "Net-(D1-Pad3)"))
    (pad 2 thru_hole oval (at 0 0) (size 1.07 1.8) (drill 0.9) (layers *.Cu *.Mask)
      (net 31 "Net-(D1-Pad2)"))
    (pad 4 thru_hole rect (at 2.54 0) (size 1.07 1.8) (drill 0.9) (layers *.Cu *.Mask)
      (net 37 "Net-(D6-Pad4)"))
    (model ${KISYS3DMOD}/LED_THT.3dshapes/LED_D5.0mm-4_RGB.wrl
      (at (xyz 0 0 0))
      (scale (xyz 1 1 1))
      (rotate (xyz 0 0 0))
    )
  )

  (module lib:LED_D5.0mm-4_RGB (layer F.Cu) (tedit 5C6D4CC8) (tstamp 5C91209E)
    (at 73.025 38.1)
    (descr "LED, diameter 5.0mm, 2 pins, diameter 5.0mm, 3 pins, diameter 5.0mm, 4 pins, http://www.kingbright.com/attachments/file/psearch/000/00/00/L-154A4SUREQBFZGEW(Ver.9A).pdf")
    (tags "LED diameter 5.0mm 2 pins diameter 5.0mm 3 pins diameter 5.0mm 4 pins RGB RGBLED")
    (path /5C739D0C)
    (fp_text reference D7 (at 1.905 -3.96) (layer F.SilkS)
      (effects (font (size 1 1) (thickness 0.15)))
    )
    (fp_text value LED_BGRA (at 1.905 3.96) (layer F.Fab)
      (effects (font (size 1 1) (thickness 0.15)))
    )
    (fp_arc (start 1.905 0) (end -0.595 -1.469694) (angle 299.1) (layer F.Fab) (width 0.1))
    (fp_arc (start 1.905 0) (end -0.655 -1.54483) (angle 127.7) (layer F.SilkS) (width 0.12))
    (fp_arc (start 1.905 0) (end -0.655 1.54483) (angle -127.7) (layer F.SilkS) (width 0.12))
    (fp_arc (start 1.905 0) (end -0.349684 -1.08) (angle 128.8) (layer F.SilkS) (width 0.12))
    (fp_arc (start 1.905 0) (end -0.349684 1.08) (angle -128.8) (layer F.SilkS) (width 0.12))
    (fp_circle (center 1.905 0) (end 4.405 0) (layer F.Fab) (width 0.1))
    (fp_line (start -0.595 -1.469694) (end -0.595 1.469694) (layer F.Fab) (width 0.1))
    (fp_line (start -0.655 -1.545) (end -0.655 -1.08) (layer F.SilkS) (width 0.12))
    (fp_line (start -0.655 1.08) (end -0.655 1.545) (layer F.SilkS) (width 0.12))
    (fp_line (start -1.35 -3.25) (end -1.35 3.25) (layer F.CrtYd) (width 0.05))
    (fp_line (start -1.35 3.25) (end 5.15 3.25) (layer F.CrtYd) (width 0.05))
    (fp_line (start 5.15 3.25) (end 5.15 -3.25) (layer F.CrtYd) (width 0.05))
    (fp_line (start 5.15 -3.25) (end -1.35 -3.25) (layer F.CrtYd) (width 0.05))
    (fp_text user %R (at 1.905 -3.96) (layer F.Fab)
      (effects (font (size 1 1) (thickness 0.15)))
    )
    (pad 4 thru_hole rect (at 2.54 0) (size 1.07 1.8) (drill 0.9) (layers *.Cu *.Mask)
      (net 38 "Net-(D7-Pad4)"))
    (pad 2 thru_hole oval (at 0 0) (size 1.07 1.8) (drill 0.9) (layers *.Cu *.Mask)
      (net 31 "Net-(D1-Pad2)"))
    (pad 3 thru_hole oval (at 3.81 0) (size 1.07 1.8) (drill 0.9) (layers *.Cu *.Mask)
      (net 30 "Net-(D1-Pad3)"))
    (pad 1 thru_hole oval (at 1.27 0) (size 1.07 1.8) (drill 0.9) (layers *.Cu *.Mask)
      (net 29 "Net-(D1-Pad1)"))
    (model ${KISYS3DMOD}/LED_THT.3dshapes/LED_D5.0mm-4_RGB.wrl
      (at (xyz 0 0 0))
      (scale (xyz 1 1 1))
      (rotate (xyz 0 0 0))
    )
  )

  (module lib:LED_D5.0mm-4_RGB (layer F.Cu) (tedit 5C6D4CC8) (tstamp 5C9120B4)
    (at 83.185 38.1)
    (descr "LED, diameter 5.0mm, 2 pins, diameter 5.0mm, 3 pins, diameter 5.0mm, 4 pins, http://www.kingbright.com/attachments/file/psearch/000/00/00/L-154A4SUREQBFZGEW(Ver.9A).pdf")
    (tags "LED diameter 5.0mm 2 pins diameter 5.0mm 3 pins diameter 5.0mm 4 pins RGB RGBLED")
    (path /5C739FC2)
    (fp_text reference D8 (at 1.905 -3.96) (layer F.SilkS)
      (effects (font (size 1 1) (thickness 0.15)))
    )
    (fp_text value LED_BGRA (at 1.905 3.96) (layer F.Fab)
      (effects (font (size 1 1) (thickness 0.15)))
    )
    (fp_arc (start 1.905 0) (end -0.595 -1.469694) (angle 299.1) (layer F.Fab) (width 0.1))
    (fp_arc (start 1.905 0) (end -0.655 -1.54483) (angle 127.7) (layer F.SilkS) (width 0.12))
    (fp_arc (start 1.905 0) (end -0.655 1.54483) (angle -127.7) (layer F.SilkS) (width 0.12))
    (fp_arc (start 1.905 0) (end -0.349684 -1.08) (angle 128.8) (layer F.SilkS) (width 0.12))
    (fp_arc (start 1.905 0) (end -0.349684 1.08) (angle -128.8) (layer F.SilkS) (width 0.12))
    (fp_circle (center 1.905 0) (end 4.405 0) (layer F.Fab) (width 0.1))
    (fp_line (start -0.595 -1.469694) (end -0.595 1.469694) (layer F.Fab) (width 0.1))
    (fp_line (start -0.655 -1.545) (end -0.655 -1.08) (layer F.SilkS) (width 0.12))
    (fp_line (start -0.655 1.08) (end -0.655 1.545) (layer F.SilkS) (width 0.12))
    (fp_line (start -1.35 -3.25) (end -1.35 3.25) (layer F.CrtYd) (width 0.05))
    (fp_line (start -1.35 3.25) (end 5.15 3.25) (layer F.CrtYd) (width 0.05))
    (fp_line (start 5.15 3.25) (end 5.15 -3.25) (layer F.CrtYd) (width 0.05))
    (fp_line (start 5.15 -3.25) (end -1.35 -3.25) (layer F.CrtYd) (width 0.05))
    (fp_text user %R (at 1.905 -3.96) (layer F.Fab)
      (effects (font (size 1 1) (thickness 0.15)))
    )
    (pad 4 thru_hole rect (at 2.54 0) (size 1.07 1.8) (drill 0.9) (layers *.Cu *.Mask)
      (net 39 "Net-(D8-Pad4)"))
    (pad 2 thru_hole oval (at 0 0) (size 1.07 1.8) (drill 0.9) (layers *.Cu *.Mask)
      (net 31 "Net-(D1-Pad2)"))
    (pad 3 thru_hole oval (at 3.81 0) (size 1.07 1.8) (drill 0.9) (layers *.Cu *.Mask)
      (net 30 "Net-(D1-Pad3)"))
    (pad 1 thru_hole oval (at 1.27 0) (size 1.07 1.8) (drill 0.9) (layers *.Cu *.Mask)
      (net 29 "Net-(D1-Pad1)"))
    (model ${KISYS3DMOD}/LED_THT.3dshapes/LED_D5.0mm-4_RGB.wrl
      (at (xyz 0 0 0))
      (scale (xyz 1 1 1))
      (rotate (xyz 0 0 0))
    )
  )

  (module Package_TO_SOT_THT:TO-92_Inline (layer F.Cu) (tedit 5A1DD157) (tstamp 5C91210C)
    (at 73.66 28.575)
    (descr "TO-92 leads in-line, narrow, oval pads, drill 0.75mm (see NXP sot054_po.pdf)")
    (tags "to-92 sc-43 sc-43a sot54 PA33 transistor")
    (path /5C6B0551)
    (fp_text reference Q1 (at 1.27 -3.56) (layer F.SilkS)
      (effects (font (size 1 1) (thickness 0.15)))
    )
    (fp_text value BC550 (at 1.27 2.79) (layer F.Fab)
      (effects (font (size 1 1) (thickness 0.15)))
    )
    (fp_text user %R (at 1.27 -3.56) (layer F.Fab)
      (effects (font (size 1 1) (thickness 0.15)))
    )
    (fp_line (start -0.53 1.85) (end 3.07 1.85) (layer F.SilkS) (width 0.12))
    (fp_line (start -0.5 1.75) (end 3 1.75) (layer F.Fab) (width 0.1))
    (fp_line (start -1.46 -2.73) (end 4 -2.73) (layer F.CrtYd) (width 0.05))
    (fp_line (start -1.46 -2.73) (end -1.46 2.01) (layer F.CrtYd) (width 0.05))
    (fp_line (start 4 2.01) (end 4 -2.73) (layer F.CrtYd) (width 0.05))
    (fp_line (start 4 2.01) (end -1.46 2.01) (layer F.CrtYd) (width 0.05))
    (fp_arc (start 1.27 0) (end 1.27 -2.48) (angle 135) (layer F.Fab) (width 0.1))
    (fp_arc (start 1.27 0) (end 1.27 -2.6) (angle -135) (layer F.SilkS) (width 0.12))
    (fp_arc (start 1.27 0) (end 1.27 -2.48) (angle -135) (layer F.Fab) (width 0.1))
    (fp_arc (start 1.27 0) (end 1.27 -2.6) (angle 135) (layer F.SilkS) (width 0.12))
    (pad 2 thru_hole oval (at 1.27 0) (size 1.05 1.5) (drill 0.75) (layers *.Cu *.Mask)
      (net 40 "Net-(Q1-Pad2)"))
    (pad 3 thru_hole oval (at 2.54 0) (size 1.05 1.5) (drill 0.75) (layers *.Cu *.Mask)
      (net 6 GND))
    (pad 1 thru_hole rect (at 0 0) (size 1.05 1.5) (drill 0.75) (layers *.Cu *.Mask)
      (net 29 "Net-(D1-Pad1)"))
    (model ${KISYS3DMOD}/Package_TO_SOT_THT.3dshapes/TO-92_Inline.wrl
      (at (xyz 0 0 0))
      (scale (xyz 1 1 1))
      (rotate (xyz 0 0 0))
    )
  )

  (module Package_TO_SOT_THT:TO-92_Inline (layer F.Cu) (tedit 5A1DD157) (tstamp 5C91211E)
    (at 83.82 28.575)
    (descr "TO-92 leads in-line, narrow, oval pads, drill 0.75mm (see NXP sot054_po.pdf)")
    (tags "to-92 sc-43 sc-43a sot54 PA33 transistor")
    (path /5C6B0A7B)
    (fp_text reference Q2 (at 1.27 -3.56) (layer F.SilkS)
      (effects (font (size 1 1) (thickness 0.15)))
    )
    (fp_text value BC550 (at 1.27 2.79) (layer F.Fab)
      (effects (font (size 1 1) (thickness 0.15)))
    )
    (fp_arc (start 1.27 0) (end 1.27 -2.6) (angle 135) (layer F.SilkS) (width 0.12))
    (fp_arc (start 1.27 0) (end 1.27 -2.48) (angle -135) (layer F.Fab) (width 0.1))
    (fp_arc (start 1.27 0) (end 1.27 -2.6) (angle -135) (layer F.SilkS) (width 0.12))
    (fp_arc (start 1.27 0) (end 1.27 -2.48) (angle 135) (layer F.Fab) (width 0.1))
    (fp_line (start 4 2.01) (end -1.46 2.01) (layer F.CrtYd) (width 0.05))
    (fp_line (start 4 2.01) (end 4 -2.73) (layer F.CrtYd) (width 0.05))
    (fp_line (start -1.46 -2.73) (end -1.46 2.01) (layer F.CrtYd) (width 0.05))
    (fp_line (start -1.46 -2.73) (end 4 -2.73) (layer F.CrtYd) (width 0.05))
    (fp_line (start -0.5 1.75) (end 3 1.75) (layer F.Fab) (width 0.1))
    (fp_line (start -0.53 1.85) (end 3.07 1.85) (layer F.SilkS) (width 0.12))
    (fp_text user %R (at 1.27 -3.56) (layer F.Fab)
      (effects (font (size 1 1) (thickness 0.15)))
    )
    (pad 1 thru_hole rect (at 0 0) (size 1.05 1.5) (drill 0.75) (layers *.Cu *.Mask)
      (net 31 "Net-(D1-Pad2)"))
    (pad 3 thru_hole oval (at 2.54 0) (size 1.05 1.5) (drill 0.75) (layers *.Cu *.Mask)
      (net 6 GND))
    (pad 2 thru_hole oval (at 1.27 0) (size 1.05 1.5) (drill 0.75) (layers *.Cu *.Mask)
      (net 41 "Net-(Q2-Pad2)"))
    (model ${KISYS3DMOD}/Package_TO_SOT_THT.3dshapes/TO-92_Inline.wrl
      (at (xyz 0 0 0))
      (scale (xyz 1 1 1))
      (rotate (xyz 0 0 0))
    )
  )

  (module Package_TO_SOT_THT:TO-92_Inline (layer F.Cu) (tedit 5A1DD157) (tstamp 5C912130)
    (at 93.98 28.575)
    (descr "TO-92 leads in-line, narrow, oval pads, drill 0.75mm (see NXP sot054_po.pdf)")
    (tags "to-92 sc-43 sc-43a sot54 PA33 transistor")
    (path /5C6B0CD2)
    (fp_text reference Q3 (at 1.27 -3.56) (layer F.SilkS)
      (effects (font (size 1 1) (thickness 0.15)))
    )
    (fp_text value BC550 (at 1.27 2.79) (layer F.Fab)
      (effects (font (size 1 1) (thickness 0.15)))
    )
    (fp_text user %R (at 1.27 -3.56) (layer F.Fab)
      (effects (font (size 1 1) (thickness 0.15)))
    )
    (fp_line (start -0.53 1.85) (end 3.07 1.85) (layer F.SilkS) (width 0.12))
    (fp_line (start -0.5 1.75) (end 3 1.75) (layer F.Fab) (width 0.1))
    (fp_line (start -1.46 -2.73) (end 4 -2.73) (layer F.CrtYd) (width 0.05))
    (fp_line (start -1.46 -2.73) (end -1.46 2.01) (layer F.CrtYd) (width 0.05))
    (fp_line (start 4 2.01) (end 4 -2.73) (layer F.CrtYd) (width 0.05))
    (fp_line (start 4 2.01) (end -1.46 2.01) (layer F.CrtYd) (width 0.05))
    (fp_arc (start 1.27 0) (end 1.27 -2.48) (angle 135) (layer F.Fab) (width 0.1))
    (fp_arc (start 1.27 0) (end 1.27 -2.6) (angle -135) (layer F.SilkS) (width 0.12))
    (fp_arc (start 1.27 0) (end 1.27 -2.48) (angle -135) (layer F.Fab) (width 0.1))
    (fp_arc (start 1.27 0) (end 1.27 -2.6) (angle 135) (layer F.SilkS) (width 0.12))
    (pad 2 thru_hole oval (at 1.27 0) (size 1.05 1.5) (drill 0.75) (layers *.Cu *.Mask)
      (net 42 "Net-(Q3-Pad2)"))
    (pad 3 thru_hole oval (at 2.54 0) (size 1.05 1.5) (drill 0.75) (layers *.Cu *.Mask)
      (net 6 GND))
    (pad 1 thru_hole rect (at 0 0) (size 1.05 1.5) (drill 0.75) (layers *.Cu *.Mask)
      (net 30 "Net-(D1-Pad3)"))
    (model ${KISYS3DMOD}/Package_TO_SOT_THT.3dshapes/TO-92_Inline.wrl
      (at (xyz 0 0 0))
      (scale (xyz 1 1 1))
      (rotate (xyz 0 0 0))
    )
  )

  (module Resistor_THT:R_Axial_DIN0207_L6.3mm_D2.5mm_P10.16mm_Horizontal (layer F.Cu) (tedit 5AE5139B) (tstamp 5C916E96)
    (at 59.055 62.23)
    (descr "Resistor, Axial_DIN0207 series, Axial, Horizontal, pin pitch=10.16mm, 0.25W = 1/4W, length*diameter=6.3*2.5mm^2, http://cdn-reichelt.de/documents/datenblatt/B400/1_4W%23YAG.pdf")
    (tags "Resistor Axial_DIN0207 series Axial Horizontal pin pitch 10.16mm 0.25W = 1/4W length 6.3mm diameter 2.5mm")
    (path /5C6AD5EF)
    (fp_text reference R1 (at 5.08 -2.37) (layer F.SilkS)
      (effects (font (size 1 1) (thickness 0.15)))
    )
    (fp_text value 1kΩ (at 5.08 2.37) (layer F.Fab)
      (effects (font (size 1 1) (thickness 0.15)))
    )
    (fp_line (start 1.93 -1.25) (end 1.93 1.25) (layer F.Fab) (width 0.1))
    (fp_line (start 1.93 1.25) (end 8.23 1.25) (layer F.Fab) (width 0.1))
    (fp_line (start 8.23 1.25) (end 8.23 -1.25) (layer F.Fab) (width 0.1))
    (fp_line (start 8.23 -1.25) (end 1.93 -1.25) (layer F.Fab) (width 0.1))
    (fp_line (start 0 0) (end 1.93 0) (layer F.Fab) (width 0.1))
    (fp_line (start 10.16 0) (end 8.23 0) (layer F.Fab) (width 0.1))
    (fp_line (start 1.81 -1.37) (end 1.81 1.37) (layer F.SilkS) (width 0.12))
    (fp_line (start 1.81 1.37) (end 8.35 1.37) (layer F.SilkS) (width 0.12))
    (fp_line (start 8.35 1.37) (end 8.35 -1.37) (layer F.SilkS) (width 0.12))
    (fp_line (start 8.35 -1.37) (end 1.81 -1.37) (layer F.SilkS) (width 0.12))
    (fp_line (start 1.04 0) (end 1.81 0) (layer F.SilkS) (width 0.12))
    (fp_line (start 9.12 0) (end 8.35 0) (layer F.SilkS) (width 0.12))
    (fp_line (start -1.05 -1.5) (end -1.05 1.5) (layer F.CrtYd) (width 0.05))
    (fp_line (start -1.05 1.5) (end 11.21 1.5) (layer F.CrtYd) (width 0.05))
    (fp_line (start 11.21 1.5) (end 11.21 -1.5) (layer F.CrtYd) (width 0.05))
    (fp_line (start 11.21 -1.5) (end -1.05 -1.5) (layer F.CrtYd) (width 0.05))
    (fp_text user %R (at 5.08 0) (layer F.Fab)
      (effects (font (size 1 1) (thickness 0.15)))
    )
    (pad 1 thru_hole circle (at 0 0) (size 1.6 1.6) (drill 0.8) (layers *.Cu *.Mask)
      (net 8 /led1))
    (pad 2 thru_hole oval (at 10.16 0) (size 1.6 1.6) (drill 0.8) (layers *.Cu *.Mask)
      (net 32 "Net-(D1-Pad4)"))
    (model ${KISYS3DMOD}/Resistor_THT.3dshapes/R_Axial_DIN0207_L6.3mm_D2.5mm_P10.16mm_Horizontal.wrl
      (at (xyz 0 0 0))
      (scale (xyz 1 1 1))
      (rotate (xyz 0 0 0))
    )
  )

  (module Resistor_THT:R_Axial_DIN0207_L6.3mm_D2.5mm_P10.16mm_Horizontal (layer F.Cu) (tedit 5AE5139B) (tstamp 5C914F20)
    (at 59.055 41.91)
    (descr "Resistor, Axial_DIN0207 series, Axial, Horizontal, pin pitch=10.16mm, 0.25W = 1/4W, length*diameter=6.3*2.5mm^2, http://cdn-reichelt.de/documents/datenblatt/B400/1_4W%23YAG.pdf")
    (tags "Resistor Axial_DIN0207 series Axial Horizontal pin pitch 10.16mm 0.25W = 1/4W length 6.3mm diameter 2.5mm")
    (path /5C6AD8DA)
    (fp_text reference R2 (at 5.08 -2.37) (layer F.SilkS)
      (effects (font (size 1 1) (thickness 0.15)))
    )
    (fp_text value 1kΩ (at 5.08 2.37) (layer F.Fab)
      (effects (font (size 1 1) (thickness 0.15)))
    )
    (fp_text user %R (at 5.08 0) (layer F.Fab)
      (effects (font (size 1 1) (thickness 0.15)))
    )
    (fp_line (start 11.21 -1.5) (end -1.05 -1.5) (layer F.CrtYd) (width 0.05))
    (fp_line (start 11.21 1.5) (end 11.21 -1.5) (layer F.CrtYd) (width 0.05))
    (fp_line (start -1.05 1.5) (end 11.21 1.5) (layer F.CrtYd) (width 0.05))
    (fp_line (start -1.05 -1.5) (end -1.05 1.5) (layer F.CrtYd) (width 0.05))
    (fp_line (start 9.12 0) (end 8.35 0) (layer F.SilkS) (width 0.12))
    (fp_line (start 1.04 0) (end 1.81 0) (layer F.SilkS) (width 0.12))
    (fp_line (start 8.35 -1.37) (end 1.81 -1.37) (layer F.SilkS) (width 0.12))
    (fp_line (start 8.35 1.37) (end 8.35 -1.37) (layer F.SilkS) (width 0.12))
    (fp_line (start 1.81 1.37) (end 8.35 1.37) (layer F.SilkS) (width 0.12))
    (fp_line (start 1.81 -1.37) (end 1.81 1.37) (layer F.SilkS) (width 0.12))
    (fp_line (start 10.16 0) (end 8.23 0) (layer F.Fab) (width 0.1))
    (fp_line (start 0 0) (end 1.93 0) (layer F.Fab) (width 0.1))
    (fp_line (start 8.23 -1.25) (end 1.93 -1.25) (layer F.Fab) (width 0.1))
    (fp_line (start 8.23 1.25) (end 8.23 -1.25) (layer F.Fab) (width 0.1))
    (fp_line (start 1.93 1.25) (end 8.23 1.25) (layer F.Fab) (width 0.1))
    (fp_line (start 1.93 -1.25) (end 1.93 1.25) (layer F.Fab) (width 0.1))
    (pad 2 thru_hole oval (at 10.16 0) (size 1.6 1.6) (drill 0.8) (layers *.Cu *.Mask)
      (net 33 "Net-(D2-Pad4)"))
    (pad 1 thru_hole circle (at 0 0) (size 1.6 1.6) (drill 0.8) (layers *.Cu *.Mask)
      (net 18 /led5))
    (model ${KISYS3DMOD}/Resistor_THT.3dshapes/R_Axial_DIN0207_L6.3mm_D2.5mm_P10.16mm_Horizontal.wrl
      (at (xyz 0 0 0))
      (scale (xyz 1 1 1))
      (rotate (xyz 0 0 0))
    )
  )

  (module Resistor_THT:R_Axial_DIN0207_L6.3mm_D2.5mm_P10.16mm_Horizontal (layer F.Cu) (tedit 5AE5139B) (tstamp 5C914EDE)
    (at 59.055 57.15)
    (descr "Resistor, Axial_DIN0207 series, Axial, Horizontal, pin pitch=10.16mm, 0.25W = 1/4W, length*diameter=6.3*2.5mm^2, http://cdn-reichelt.de/documents/datenblatt/B400/1_4W%23YAG.pdf")
    (tags "Resistor Axial_DIN0207 series Axial Horizontal pin pitch 10.16mm 0.25W = 1/4W length 6.3mm diameter 2.5mm")
    (path /5C6AD6E4)
    (fp_text reference R3 (at 5.08 -2.37) (layer F.SilkS)
      (effects (font (size 1 1) (thickness 0.15)))
    )
    (fp_text value 1kΩ (at 5.08 2.37) (layer F.Fab)
      (effects (font (size 1 1) (thickness 0.15)))
    )
    (fp_line (start 1.93 -1.25) (end 1.93 1.25) (layer F.Fab) (width 0.1))
    (fp_line (start 1.93 1.25) (end 8.23 1.25) (layer F.Fab) (width 0.1))
    (fp_line (start 8.23 1.25) (end 8.23 -1.25) (layer F.Fab) (width 0.1))
    (fp_line (start 8.23 -1.25) (end 1.93 -1.25) (layer F.Fab) (width 0.1))
    (fp_line (start 0 0) (end 1.93 0) (layer F.Fab) (width 0.1))
    (fp_line (start 10.16 0) (end 8.23 0) (layer F.Fab) (width 0.1))
    (fp_line (start 1.81 -1.37) (end 1.81 1.37) (layer F.SilkS) (width 0.12))
    (fp_line (start 1.81 1.37) (end 8.35 1.37) (layer F.SilkS) (width 0.12))
    (fp_line (start 8.35 1.37) (end 8.35 -1.37) (layer F.SilkS) (width 0.12))
    (fp_line (start 8.35 -1.37) (end 1.81 -1.37) (layer F.SilkS) (width 0.12))
    (fp_line (start 1.04 0) (end 1.81 0) (layer F.SilkS) (width 0.12))
    (fp_line (start 9.12 0) (end 8.35 0) (layer F.SilkS) (width 0.12))
    (fp_line (start -1.05 -1.5) (end -1.05 1.5) (layer F.CrtYd) (width 0.05))
    (fp_line (start -1.05 1.5) (end 11.21 1.5) (layer F.CrtYd) (width 0.05))
    (fp_line (start 11.21 1.5) (end 11.21 -1.5) (layer F.CrtYd) (width 0.05))
    (fp_line (start 11.21 -1.5) (end -1.05 -1.5) (layer F.CrtYd) (width 0.05))
    (fp_text user %R (at 5.08 0) (layer F.Fab)
      (effects (font (size 1 1) (thickness 0.15)))
    )
    (pad 1 thru_hole circle (at 0 0) (size 1.6 1.6) (drill 0.8) (layers *.Cu *.Mask)
      (net 12 /led2))
    (pad 2 thru_hole oval (at 10.16 0) (size 1.6 1.6) (drill 0.8) (layers *.Cu *.Mask)
      (net 34 "Net-(D3-Pad4)"))
    (model ${KISYS3DMOD}/Resistor_THT.3dshapes/R_Axial_DIN0207_L6.3mm_D2.5mm_P10.16mm_Horizontal.wrl
      (at (xyz 0 0 0))
      (scale (xyz 1 1 1))
      (rotate (xyz 0 0 0))
    )
  )

  (module Resistor_THT:R_Axial_DIN0207_L6.3mm_D2.5mm_P10.16mm_Horizontal (layer F.Cu) (tedit 5AE5139B) (tstamp 5C914DD6)
    (at 59.055 36.83)
    (descr "Resistor, Axial_DIN0207 series, Axial, Horizontal, pin pitch=10.16mm, 0.25W = 1/4W, length*diameter=6.3*2.5mm^2, http://cdn-reichelt.de/documents/datenblatt/B400/1_4W%23YAG.pdf")
    (tags "Resistor Axial_DIN0207 series Axial Horizontal pin pitch 10.16mm 0.25W = 1/4W length 6.3mm diameter 2.5mm")
    (path /5C6AD886)
    (fp_text reference R4 (at 5.08 -2.37) (layer F.SilkS)
      (effects (font (size 1 1) (thickness 0.15)))
    )
    (fp_text value 1kΩ (at 5.08 2.37) (layer F.Fab)
      (effects (font (size 1 1) (thickness 0.15)))
    )
    (fp_line (start 1.93 -1.25) (end 1.93 1.25) (layer F.Fab) (width 0.1))
    (fp_line (start 1.93 1.25) (end 8.23 1.25) (layer F.Fab) (width 0.1))
    (fp_line (start 8.23 1.25) (end 8.23 -1.25) (layer F.Fab) (width 0.1))
    (fp_line (start 8.23 -1.25) (end 1.93 -1.25) (layer F.Fab) (width 0.1))
    (fp_line (start 0 0) (end 1.93 0) (layer F.Fab) (width 0.1))
    (fp_line (start 10.16 0) (end 8.23 0) (layer F.Fab) (width 0.1))
    (fp_line (start 1.81 -1.37) (end 1.81 1.37) (layer F.SilkS) (width 0.12))
    (fp_line (start 1.81 1.37) (end 8.35 1.37) (layer F.SilkS) (width 0.12))
    (fp_line (start 8.35 1.37) (end 8.35 -1.37) (layer F.SilkS) (width 0.12))
    (fp_line (start 8.35 -1.37) (end 1.81 -1.37) (layer F.SilkS) (width 0.12))
    (fp_line (start 1.04 0) (end 1.81 0) (layer F.SilkS) (width 0.12))
    (fp_line (start 9.12 0) (end 8.35 0) (layer F.SilkS) (width 0.12))
